6.2906
84.6444
52.0545
71.9897
64.6402
80.341
75.4276
76.8195
76.8195
70.6314
52.0545
71.3093
68.9848
76.8195
67.2782
64.8844
50.4958
55.2657
124.0505
247.8684
161.4746
20.0426
89.0314
340.0848
44.0118
214.1144
67.2784
151.4451
125.3395
78.9253
68.6122
48.7308
125.3395
13.0112
56.966
51.8587
44.3429
60.9626
18.199
155.0643
92.0413
294.9224
81.6101
75.4879
132.1194
170.8002
86.7544
168.9194
38.487
25.8261
91.9353
45.0814
104.8614
82.2722
174.5851
66.8394
96.1045
74.8293
213.0896
236.057
155.3067
39.6585
137.2917
70.8236
87.4657
293.7667
103.4073
214.1144
111.7465
69.1242
80.2836
112.7431
103.6583
124.5015
272.1336
21.1527
52.9321
30.4555
219.2658
127.0219
89.1687
35.014
316.0144
98.748
429.4286
142.0981