236.6957
154.244
57.5525
77.5299
188.2911
128.2933
197.4129
188.2911
254.3741
159.0849
699.4636
118.6126
110.5542
124.8376
55.1989
99.2921
87.7419
76.9121
130.9085
86.243
33.1919
83.2664
192.6239
65.9077
198.4365
224.6727
127.426
193.3385
114.4328
49.6707
68.9369
74.0308
53.2489
92.946
57.2895
67.5978
52.6981
28.1965
131.7847
386.5975
230.0671
153.4698
123.1231
126.561
98.5053
128.2933
195.3717
92.2969
31.7224
140.6678
83.3026
128.2933
204.6202
235.51
212.9767
92.2969
35.1936
248.7687
332.7026
79.6202
30.2804
147.9315
89.2505
146.1026
203.5846
138.8737
179.3338
62.8277
139.7696
72.0876
123.1231
102.4629
112.2003
118.8765
47.6192
151.6151
39.8719
115.8339
110.9191
79.019
48.7718
327.7309
106.4794
579.7697
96.5487
54.4001