228.5991
893.6396
365.1267
421.0402
576.7142
886.9681
565.0529
872.0129
575.2526
470.2957
554.9088
54.2318
377.1498
837.4191
433.633
323.1244
365.634
832.5119
379.7235
736.6458
438.4496
274.0779
484.1012
1021.4841
536.0497
719.1478
617.0993
1462.3762
566.5554
478.1209
316.3191
318.7376
576.6316
180.7368
301.946
455.935
411.3722
332.9438
146.5545
647.1791
45.1241
0.0
0.0
0.0
0.0
150.8271
808.3739
1098.3622
462.5412
344.5624
549.6421
251.9736
791.8169
886.041
811.0334
603.4275
539.1203
494.9289
1401.1714
1194.7886
519.7904
270.0436
474.8121
459.2346
669.1109
1165.9742
602.0971
547.6972
562.1489
279.8959
416.2266
669.8856
821.1448
584.6589
1041.8789
320.6532
349.5777
223.5819
658.8699
518.7184
386.7847
212.3313
1167.5688
648.5248
1542.8573