6.6512
41.5026
77.4804
75.8688
69.8274
72.6725
57.2595
115.0583
136.1429
119.6328
107.536
121.4143
117.8875
136.1429
76.1118
66.3004
138.0074
134.2835
25.042
114.8989
96.149
170.4449
210.2471
79.7756
109.1687
128.7365
151.1977
42.4806
106.3258
79.7756
44.5555
97.1922
106.3258
62.1351
41.3039
49.9795
114.8989
123.2368
196.1277
89.5951
99.2854
146.6483
203.3646
79.4411
163.8493
62.7724
43.6639
139.8769
69.8664
65.9781
161.9194
178.2701
115.9798
112.7432
96.8442
227.8563
247.8393
82.7985
52.7372
78.773
74.7882
74.7882
154.246
139.5025
130.2111
34.1052
70.1924
61.4991
106.6804
153.4828
111.6685
180.2373
20.164
149.6781
48.4604
196.5284
128.3683
207.0026
44.5555
239.8893
113.3764
185.1742
79.7756