73.3693
766.8532
489.5944
400.1474
455.3552
564.5171
255.0486
408.5796
563.1551
395.0723
379.913
196.136
770.4179
902.8191
854.1015
584.9532
567.2212
921.8254
914.2051
835.6348
1367.337
590.1909
334.1673
857.8129
373.7013
826.4584
1048.9431
1083.1967
835.6348
548.1864
506.4537
1269.1609
1224.2897
452.6582
349.2685
712.3984
601.7983
802.778
1308.102
690.0126
895.2582
511.2935
497.6457
570.0783
752.6566
889.6032
728.0527
1167.493
289.5731
598.8887
297.8678
1011.1504
705.4819
643.0735
308.7232
1429.799
671.2809
1642.8949
703.7621
394.0708