Vazoes Maximas Diarias por Ano Hidrologico - 41151000
1956   1957   30.300
1957   1958   30.300
1958   1959   29.100
1959   1960   20.600
1960   1961   32.800
1961   1962   23.700
1964   1965   34.300
1965   1966   35.700
1969   1970   18.600
1970   1971   12.200
1972   1973   22.400
1973   1974   22.600
1974   1975   25.900
1975   1976   12.900
1976   1977   31.000
1977   1978   55.100
1978   1979   71.500
1979   1980   44.400
1980   1981   49.900
1981   1982   62.400
1982   1983   32.800
1983   1984   48.200
1984   1985   70.400
1985   1986   61.500
1986   1987   53.900
1987   1988   24.300
1988   1989   23.500
1989   1990   64.600
1990   1991   73.000
1991   1992   65.200
1992   1993   56.000
1993   1994   17.200
1994   1995   17.900
1995   1996   47.400
1996   1997   54.400
1997   1998   20.300
1998   1999   25.500
