Vazoes Maximas Diarias por Ano Hidrologico - 41199998
1971   1972   148.000
1972   1973   246.000
1973   1974   271.000
1974   1975   201.000
1975   1976   95.100
1976   1977   234.000
1977   1978   240.000
1978   1979   402.000
1979   1980   211.000
1980   1981   269.000
1981   1982   435.000
1982   1983   297.000
1983   1984   234.000
1984   1985   417.000
1985   1986   129.000
1986   1987   237.000
1987   1988   293.000
1988   1989   146.000
1989   1990   326.000
1990   1991   351.000
1991   1992   435.000
1992   1993   293.000
1993   1994   163.000
1994   1995   431.000
1995   1996   575.000
1997   1998   159.000
1998   1999   94.100
