Vazoes Maximas Diarias por Ano Hidrologico - 41250000
1968   1969   55.800
1969   1970   108.000
1972   1973   60.400
1973   1974   44.300
1974   1975   54.900
1976   1977   159.000
1977   1978   123.000
1979   1980   83.800
1980   1981   95.000
1981   1982   141.000
1983   1984   94.000
1984   1985   163.000
1985   1986   42.900
1986   1987   40.800
1989   1990   104.000
1990   1991   102.000
1991   1992   159.000
1992   1993   87.800
1993   1994   105.000
1994   1995   83.800
1995   1996   236.000
1997   1998   145.000
1998   1999   47.200
