Vazoes Maximas Diarias por Ano Hidrologico - 41300000
1943   1944   120.000
1944   1945   109.000
1945   1946   115.000
1946   1947   96.500
1949   1950   65.800
1950   1951   77.200
1951   1952   88.700
1952   1953   66.500
1953   1954   84.200
1954   1955   93.400
1955   1956   97.200
1956   1957   88.500
1957   1958   68.100
1958   1959   43.000
1959   1960   89.000
1960   1961   123.000
1961   1962   79.600
1962   1963   80.700
1963   1964   50.900
1964   1965   120.000
1965   1966   96.000
1966   1967   105.000
1967   1968   62.500
1968   1969   83.100
1969   1970   86.700
1970   1971   58.900
1971   1972   105.000
1972   1973   69.300
1973   1974   96.300
1974   1975   71.200
1975   1976   27.700
1976   1977   179.000
1977   1978   403.000
1979   1980   179.000
1980   1981   149.000
1983   1984   154.000
1984   1985   274.000
1985   1986   102.000
1986   1987   41.200
1987   1988   200.000
1988   1989   82.400
1989   1990   148.000
1990   1991   269.000
1991   1992   252.000
1992   1993   229.000
1993   1994   122.000
1994   1995   40.700
1995   1996   281.000
1997   1998   114.000
1998   1999   33.500
