Vazoes Maximas Diarias por Ano Hidrologico - 41340000
1938   1939   902.000
1939   1940   370.000
1940   1941   425.000
1941   1942   555.000
1942   1943   754.000
1943   1944   688.000
1944   1945   799.000
1950   1951   580.000
1951   1952   650.000
1952   1953   312.000
1953   1954   274.000
1954   1955   480.000
1955   1956   490.000
1956   1957   748.000
1957   1958   380.000
1958   1959   245.000
1959   1960   632.000
1960   1961   1006.000
1961   1962   449.000
1962   1963   790.000
1963   1964   569.000
1964   1965   624.000
1965   1966   654.000
1968   1969   380.000
1969   1970   497.000
1970   1971   182.000
1971   1972   351.000
1972   1973   498.000
1973   1974   309.000
1974   1975   375.000
1975   1976   171.000
1976   1977   745.000
1979   1980   564.000
1983   1984   858.000
1984   1985   1108.000
1987   1988   570.000
1989   1990   984.000
1990   1991   934.000
1991   1992   953.000
1993   1994   539.000
1994   1995   514.000
1998   1999   281.000
