Vazoes Maximas Diarias por Ano Hidrologico - 41380000
1975   1976   62.000
1976   1977   175.000
1977   1978   165.000
1978   1979   224.000
1981   1982   159.000
1982   1983   222.000
1983   1984   88.500
1984   1985   181.000
1985   1986   132.000
1986   1987   60.300
1987   1988   170.000
1988   1989   102.000
1989   1990   140.000
1990   1991   183.000
1991   1992   195.000
1992   1993   158.000
1993   1994   122.000
1994   1995   117.000
1995   1996   261.000
1997   1998   105.000
1998   1999   84.900
