Vazoes Maximas Diarias por Ano Hidrologico - 41410000
1965   1966   761.000
1966   1967   627.000
1967   1968   540.000
1968   1969   447.000
1969   1970   591.000
1970   1971   218.000
1971   1972   433.000
1972   1973   626.000
1973   1974   381.000
1974   1975   423.000
1975   1976   200.000
1976   1977   771.000
1979   1980   612.000
1980   1981   591.000
1982   1983   846.000
1984   1985   1208.000
1986   1987   342.000
1987   1988   811.000
1988   1989   384.000
1990   1991   965.000
1991   1992   1004.000
1992   1993   848.000
1993   1994   599.000
1994   1995   577.000
1995   1996   1131.000
1997   1998   485.000
1998   1999   386.000
